; s0.txt
    0.000     0.000
    0.002     0.057
    0.004     0.114
    0.005     0.171
    0.007     0.226
    0.009     0.282
    0.011     0.336
    0.013     0.389
    0.015     0.441
    0.016     0.492
    0.018     0.541
    0.020     0.588
    0.022     0.633
    0.024     0.676
    0.025     0.717
    0.027     0.756
    0.029     0.792
    0.031     0.825
    0.033     0.856
    0.035     0.884
    0.036     0.910
    0.038     0.932
    0.040     0.951
    0.042     0.967
    0.044     0.980
    0.045     0.990
    0.047     0.996
    0.049     1.000
    0.051     1.000
    0.053     0.996
    0.055     0.990
    0.056     0.980
    0.058     0.967
    0.060     0.951
    0.062     0.932
    0.064     0.910
    0.065     0.884
    0.067     0.856
    0.069     0.825
    0.071     0.792
    0.073     0.756
    0.075     0.717
    0.076     0.676
    0.078     0.633
    0.080     0.588
    0.082     0.541
    0.084     0.492
    0.085     0.441
    0.087     0.389
    0.089     0.336
    0.091     0.282
    0.093     0.226
    0.095     0.171
    0.096     0.114
    0.098     0.057
    0.100     0.000
    0.102    -0.057
    0.104    -0.114
    0.105    -0.171
    0.107    -0.226
    0.109    -0.282
    0.111    -0.336
    0.113    -0.389
    0.115    -0.441
    0.116    -0.492
    0.118    -0.541
    0.120    -0.588
    0.122    -0.633
    0.124    -0.676
    0.125    -0.717
    0.127    -0.756
    0.129    -0.792
    0.131    -0.825
    0.133    -0.856
    0.135    -0.884
    0.136    -0.910
    0.138    -0.932
    0.140    -0.951
    0.142    -0.967
    0.144    -0.980
    0.145    -0.990
    0.147    -0.996
    0.149    -1.000
    0.151    -1.000
    0.153    -0.996
    0.155    -0.990
    0.156    -0.980
    0.158    -0.967
    0.160    -0.951
    0.162    -0.932
    0.164    -0.910
    0.165    -0.884
    0.167    -0.856
    0.169    -0.825
    0.171    -0.792
    0.173    -0.756
    0.175    -0.717
    0.176    -0.676
    0.178    -0.633
    0.180    -0.588
    0.182    -0.541
    0.184    -0.492
    0.185    -0.441
    0.187    -0.389
    0.189    -0.336
    0.191    -0.282
    0.193    -0.226
    0.195    -0.171
    0.196    -0.114
    0.198    -0.057
    0.200    -0.000
    0.202     0.057
    0.204     0.114
    0.205     0.171
    0.207     0.226
    0.209     0.282
    0.211     0.336
    0.213     0.389
    0.215     0.441
    0.216     0.492
    0.218     0.541
    0.220     0.588
    0.222     0.633
    0.224     0.676
    0.225     0.717
    0.227     0.756
    0.229     0.792
    0.231     0.825
    0.233     0.856
    0.235     0.884
    0.236     0.910
    0.238     0.932
    0.240     0.951
    0.242     0.967
    0.244     0.980
    0.245     0.990
    0.247     0.996
    0.249     1.000
    0.251     1.000
    0.253     0.996
    0.255     0.990
    0.256     0.980
    0.258     0.967
    0.260     0.951
    0.262     0.932
    0.264     0.910
    0.265     0.884
    0.267     0.856
    0.269     0.825
    0.271     0.792
    0.273     0.756
    0.275     0.717
    0.276     0.676
    0.278     0.633
    0.280     0.588
    0.282     0.541
    0.284     0.492
    0.285     0.441
    0.287     0.389
    0.289     0.336
    0.291     0.282
    0.293     0.226
    0.295     0.171
    0.296     0.114
    0.298     0.057
    0.300     0.000
    0.302    -0.057
    0.304    -0.114
    0.305    -0.171
    0.307    -0.226
    0.309    -0.282
    0.311    -0.336
    0.313    -0.389
    0.315    -0.441
    0.316    -0.492
    0.318    -0.541
    0.320    -0.588
    0.322    -0.633
    0.324    -0.676
    0.325    -0.717
    0.327    -0.756
    0.329    -0.792
    0.331    -0.825
    0.333    -0.856
    0.335    -0.884
    0.336    -0.910
    0.338    -0.932
    0.340    -0.951
    0.342    -0.967
    0.344    -0.980
    0.345    -0.990
    0.347    -0.996
    0.349    -1.000
    0.351    -1.000
    0.353    -0.996
    0.355    -0.990
    0.356    -0.980
    0.358    -0.967
    0.360    -0.951
    0.362    -0.932
    0.364    -0.910
    0.365    -0.884
    0.367    -0.856
    0.369    -0.825
    0.371    -0.792
    0.373    -0.756
    0.375    -0.717
    0.376    -0.676
    0.378    -0.633
    0.380    -0.588
    0.382    -0.541
    0.384    -0.492
    0.385    -0.441
    0.387    -0.389
    0.389    -0.336
    0.391    -0.282
    0.393    -0.226
    0.395    -0.171
    0.396    -0.114
    0.398    -0.057
    0.400    -0.000
    0.402     0.057
    0.404     0.114
    0.405     0.171
    0.407     0.226
    0.409     0.282
    0.411     0.336
    0.413     0.389
    0.415     0.441
    0.416     0.492
    0.418     0.541
    0.420     0.588
    0.422     0.633
    0.424     0.676
    0.425     0.717
    0.427     0.756
    0.429     0.792
    0.431     0.825
    0.433     0.856
    0.435     0.884
    0.436     0.910
    0.438     0.932
    0.440     0.951
    0.442     0.967
    0.444     0.980
    0.445     0.990
    0.447     0.996
    0.449     1.000
    0.451     1.000
    0.453     0.996
    0.455     0.990
    0.456     0.980
    0.458     0.967
    0.460     0.951
    0.462     0.932
    0.464     0.910
    0.465     0.884
    0.467     0.856
    0.469     0.825
    0.471     0.792
    0.473     0.756
    0.475     0.717
    0.476     0.676
    0.478     0.633
    0.480     0.588
    0.482     0.541
    0.484     0.492
    0.485     0.441
    0.487     0.389
    0.489     0.336
    0.491     0.282
    0.493     0.226
    0.495     0.171
    0.496     0.114
    0.498     0.057
    0.500     0.000
    0.502    -0.057
    0.504    -0.114
    0.505    -0.171
    0.507    -0.226
    0.509    -0.282
    0.511    -0.336
    0.513    -0.389
    0.515    -0.441
    0.516    -0.492
    0.518    -0.541
    0.520    -0.588
    0.522    -0.633
    0.524    -0.676
    0.525    -0.717
    0.527    -0.756
    0.529    -0.792
    0.531    -0.825
    0.533    -0.856
    0.535    -0.884
    0.536    -0.910
    0.538    -0.932
    0.540    -0.951
    0.542    -0.967
    0.544    -0.980
    0.545    -0.990
    0.547    -0.996
    0.549    -1.000
    0.551    -1.000
    0.553    -0.996
    0.555    -0.990
    0.556    -0.980
    0.558    -0.967
    0.560    -0.951
    0.562    -0.932
    0.564    -0.910
    0.565    -0.884
    0.567    -0.856
    0.569    -0.825
    0.571    -0.792
    0.573    -0.756
    0.575    -0.717
    0.576    -0.676
    0.578    -0.633
    0.580    -0.588
    0.582    -0.541
    0.584    -0.492
    0.585    -0.441
    0.587    -0.389
    0.589    -0.336
    0.591    -0.282
    0.593    -0.226
    0.595    -0.171
    0.596    -0.114
    0.598    -0.057
    0.600    -0.000
    0.602     0.057
    0.604     0.114
    0.605     0.171
    0.607     0.226
    0.609     0.282
    0.611     0.336
    0.613     0.389
    0.615     0.441
    0.616     0.492
    0.618     0.541
    0.620     0.588
    0.622     0.633
    0.624     0.676
    0.625     0.717
    0.627     0.756
    0.629     0.792
    0.631     0.825
    0.633     0.856
    0.635     0.884
    0.636     0.910
    0.638     0.932
    0.640     0.951
    0.642     0.967
    0.644     0.980
    0.645     0.990
    0.647     0.996
    0.649     1.000
    0.651     1.000
    0.653     0.996
    0.655     0.990
    0.656     0.980
    0.658     0.967
    0.660     0.951
    0.662     0.932
    0.664     0.910
    0.665     0.884
    0.667     0.856
    0.669     0.825
    0.671     0.792
    0.673     0.756
    0.675     0.717
    0.676     0.676
    0.678     0.633
    0.680     0.588
    0.682     0.541
    0.684     0.492
    0.685     0.441
    0.687     0.389
    0.689     0.336
    0.691     0.282
    0.693     0.226
    0.695     0.171
    0.696     0.114
    0.698     0.057
    0.700     0.000
    0.702    -0.057
    0.704    -0.114
    0.705    -0.171
    0.707    -0.226
    0.709    -0.282
    0.711    -0.336
    0.713    -0.389
    0.715    -0.441
    0.716    -0.492
    0.718    -0.541
    0.720    -0.588
    0.722    -0.633
    0.724    -0.676
    0.725    -0.717
    0.727    -0.756
    0.729    -0.792
    0.731    -0.825
    0.733    -0.856
    0.735    -0.884
    0.736    -0.910
    0.738    -0.932
    0.740    -0.951
    0.742    -0.967
    0.744    -0.980
    0.745    -0.990
    0.747    -0.996
    0.749    -1.000
    0.751    -1.000
    0.753    -0.996
    0.755    -0.990
    0.756    -0.980
    0.758    -0.967
    0.760    -0.951
    0.762    -0.932
    0.764    -0.910
    0.765    -0.884
    0.767    -0.856
    0.769    -0.825
    0.771    -0.792
    0.773    -0.756
    0.775    -0.717
    0.776    -0.676
    0.778    -0.633
    0.780    -0.588
    0.782    -0.541
    0.784    -0.492
    0.785    -0.441
    0.787    -0.389
    0.789    -0.336
    0.791    -0.282
    0.793    -0.226
    0.795    -0.171
    0.796    -0.114
    0.798    -0.057
    0.800    -0.000
    0.802     0.057
    0.804     0.114
    0.805     0.171
    0.807     0.226
    0.809     0.282
    0.811     0.336
    0.813     0.389
    0.815     0.441
    0.816     0.492
    0.818     0.541
    0.820     0.588
    0.822     0.633
    0.824     0.676
    0.825     0.717
    0.827     0.756
    0.829     0.792
    0.831     0.825
    0.833     0.856
    0.835     0.884
    0.836     0.910
    0.838     0.932
    0.840     0.951
    0.842     0.967
    0.844     0.980
    0.845     0.990
    0.847     0.996
    0.849     1.000
    0.851     1.000
    0.853     0.996
    0.855     0.990
    0.856     0.980
    0.858     0.967
    0.860     0.951
    0.862     0.932
    0.864     0.910
    0.865     0.884
    0.867     0.856
    0.869     0.825
    0.871     0.792
    0.873     0.756
    0.875     0.717
    0.876     0.676
    0.878     0.633
    0.880     0.588
    0.882     0.541
    0.884     0.492
    0.885     0.441
    0.887     0.389
    0.889     0.336
    0.891     0.282
    0.893     0.226
    0.895     0.171
    0.896     0.114
    0.898     0.057
    0.900     0.000
    0.902    -0.057
    0.904    -0.114
    0.905    -0.171
    0.907    -0.226
    0.909    -0.282
    0.911    -0.336
    0.913    -0.389
    0.915    -0.441
    0.916    -0.492
    0.918    -0.541
    0.920    -0.588
    0.922    -0.633
    0.924    -0.676
    0.925    -0.717
    0.927    -0.756
    0.929    -0.792
    0.931    -0.825
    0.933    -0.856
    0.935    -0.884
    0.936    -0.910
    0.938    -0.932
    0.940    -0.951
    0.942    -0.967
    0.944    -0.980
    0.945    -0.990
    0.947    -0.996
    0.949    -1.000
    0.951    -1.000
    0.953    -0.996
    0.955    -0.990
    0.956    -0.980
    0.958    -0.967
    0.960    -0.951
    0.962    -0.932
    0.964    -0.910
    0.965    -0.884
    0.967    -0.856
    0.969    -0.825
    0.971    -0.792
    0.973    -0.756
    0.975    -0.717
    0.976    -0.676
    0.978    -0.633
    0.980    -0.588
    0.982    -0.541
    0.984    -0.492
    0.985    -0.441
    0.987    -0.389
    0.989    -0.336
    0.991    -0.282
    0.993    -0.226
    0.995    -0.171
    0.996    -0.114
    0.998    -0.057
