; s2.txt
    0.000     0.000
    0.011     0.338
    0.022     0.637
    0.033     0.860
    0.044     0.982
    0.055     0.988
    0.066     0.877
    0.077     0.663
    0.088     0.371
    0.099     0.035
    0.110    -0.306
    0.121    -0.610
    0.132    -0.842
    0.143    -0.975
    0.154    -0.993
    0.165    -0.893
    0.176    -0.688
    0.187    -0.402
    0.198    -0.069
    0.209     0.273
    0.220     0.582
    0.231     0.823
    0.242     0.966
    0.253     0.996
    0.264     0.908
    0.275     0.713
    0.286     0.434
    0.297     0.103
    0.308    -0.239
    0.319    -0.554
    0.330    -0.803
    0.341    -0.957
    0.352    -0.999
    0.363    -0.922
    0.374    -0.737
    0.385    -0.465
    0.396    -0.138
    0.407     0.206
    0.418     0.525
    0.429     0.782
    0.440     0.947
    0.451     1.000
    0.462     0.935
    0.473     0.760
    0.484     0.495
    0.495     0.172
    0.505    -0.172
    0.516    -0.495
    0.527    -0.760
    0.538    -0.935
    0.549    -1.000
    0.560    -0.947
    0.571    -0.782
    0.582    -0.525
    0.593    -0.206
    0.604     0.138
    0.615     0.465
    0.626     0.737
    0.637     0.922
    0.648     0.999
    0.659     0.957
    0.670     0.803
    0.681     0.554
    0.692     0.239
    0.703    -0.103
    0.714    -0.434
    0.725    -0.713
    0.736    -0.908
    0.747    -0.996
    0.758    -0.966
    0.769    -0.823
    0.780    -0.582
    0.791    -0.273
    0.802     0.069
    0.813     0.402
    0.824     0.688
    0.835     0.893
    0.846     0.993
    0.857     0.975
    0.868     0.842
    0.879     0.610
    0.890     0.306
    0.901    -0.035
    0.912    -0.371
    0.923    -0.663
    0.934    -0.877
    0.945    -0.988
    0.956    -0.982
    0.967    -0.860
    0.978    -0.637
    0.989    -0.338
