; spec3.txt
           0       -96.89
       9.804       -6.021
       19.61   -8.509e-05
       29.41    0.0001093
       39.22   -0.0001069
       49.02    4.736e-05
       58.82   -4.117e-05
       68.63   -0.0001051
       78.43   -0.0001526
       88.24   -2.071e-05
       98.04   -0.0001126
       107.8     3.61e-05
       117.6   -5.966e-05
       127.5    -2.61e-05
       137.3    6.683e-05
       147.1   -2.607e-06
       156.9    0.0001623
       166.7     8.33e-05
       176.5     5.73e-05
       186.3    0.0001182
       196.1   -8.308e-05
       205.9    0.0001209
       215.7    0.0001196
       225.5    8.635e-05
       235.3    2.684e-05
       245.1   -0.0001632
       254.9    4.509e-05
       264.7   -9.112e-05
       274.5   -1.353e-05
       284.3    1.196e-05
       294.1    0.0001062
       303.9    5.199e-05
       313.7    0.0001549
       323.5   -1.633e-05
       333.3    0.0001896
       343.1   -1.774e-05
       352.9    0.0001748
       362.7    7.626e-05
       372.5   -2.174e-05
       382.4    3.443e-05
       392.2    1.358e-05
         402    4.435e-05
       411.8    4.685e-05
       421.6    3.654e-05
       431.4    3.241e-05
       441.2   -4.827e-06
         451   -9.915e-05
       460.8    9.248e-05
       470.6    7.429e-05
       480.4   -3.643e-05
       490.2    0.0001586
         500    0.0002189
       509.8    0.0002051
       519.6    0.0001938
       529.4    5.397e-05
       539.2   -5.189e-05
         549    9.697e-05
       558.8    6.823e-05
       568.6    2.028e-05
       578.4   -7.397e-07
       588.2   -0.0002417
         598   -4.571e-05
       607.8   -7.255e-05
       617.6    1.759e-05
       627.5   -0.0001368
       637.3    7.909e-05
       647.1    -4.51e-05
       656.9   -2.335e-05
       666.7    0.0002466
       676.5    0.0001496
       686.3    0.0001332
       696.1   -5.721e-05
       705.9   -0.0001343
       715.7   -0.0001762
       725.5    5.834e-05
       735.3   -0.0002553
       745.1   -0.0002791
       754.9   -2.514e-05
       764.7   -0.0002106
       774.5   -0.0001038
       784.3   -0.0001697
       794.1    0.0001662
       803.9     0.000218
       813.7   -6.701e-06
       823.5    4.743e-05
       833.3    0.0002768
       843.1     9.05e-05
       852.9    0.0002367
       862.7   -9.962e-06
       872.5   -6.312e-05
       882.4    6.307e-05
       892.2   -0.0001302
         902   -0.0001102
       911.8   -3.408e-05
       921.6   -0.0001541
       931.4   -0.0002433
       941.2   -0.0001016
         951    0.0001295
       960.8   -5.941e-05
       970.6    0.0002411
       980.4    0.0001896
       990.2    0.0003351
        1000    0.0002312
        1010    0.0002606
        1020    0.0002459
        1029    0.0001566
        1039    4.126e-05
        1049    1.016e-05
        1059   -3.106e-05
        1069   -0.0003459
        1078    -0.000312
        1088   -0.0003577
        1098   -0.0002037
        1108    2.613e-05
        1118   -0.0001245
        1127    3.399e-05
        1137    0.0003377
        1147    0.0003461
        1157    0.0001622
        1167    0.0003955
        1176    0.0001082
        1186   -4.199e-06
        1196   -0.0002562
        1206    5.133e-05
        1216   -1.121e-05
        1225   -0.0004695
        1235   -0.0004054
        1245   -0.0004658
        1255    1.847e-05
        1265   -6.552e-05
        1275    0.0001853
        1284    0.0003621
        1294    0.0003871
        1304    0.0002697
        1314    0.0005543
        1324    0.0002431
        1333    9.687e-06
        1343    5.661e-05
        1353   -0.0001404
        1363    8.364e-05
        1373   -0.0004816
        1382   -0.0002304
        1392   -0.0004034
        1402   -0.0005276
        1412   -0.0005274
        1422    7.261e-05
        1431    0.0002137
        1441    0.0003636
        1451    0.0002177
        1461    0.0001582
        1471    0.0002325
        1480    0.0006105
        1490    0.0001409
        1500    0.0002734
        1510    0.0001917
        1520   -0.0003245
        1529   -3.307e-05
        1539   -0.0002506
        1549   -0.0006999
        1559    -0.000364
        1569   -0.0005332
        1578   -0.0002607
        1588    0.0002003
        1598    0.0004321
        1608    0.0001226
        1618    0.0007691
        1627    0.0001265
        1637     0.000785
        1647    0.0004313
        1657    0.0007584
        1667    0.0005902
        1676   -0.0003998
        1686   -0.0001779
        1696    8.592e-05
        1706   -0.0001453
        1716   -0.0001438
        1725   -0.0009376
        1735   -3.289e-05
        1745    0.0001901
        1755    0.0002654
        1765   -0.0005358
        1775   -0.0003732
        1784   -0.0001134
        1794    0.0005259
        1804   -0.0001697
        1814   -2.909e-05
        1824    0.0007291
        1833    0.0006003
        1843     0.002246
        1853     0.002696
        1863     0.002638
        1873     0.002452
        1882    0.0009975
        1892      -0.0025
        1902    -0.006726
        1912     -0.01535
        1922     -0.02823
        1931     -0.04717
        1941     -0.07263
        1951      -0.1062
        1961      -0.1469
        1971         -0.2
        1980      -0.2629
        1990      -0.3379
        2000      -0.4248
        2010       -0.524
        2020      -0.6363
        2029      -0.7606
        2039      -0.8979
        2049       -1.044
        2059       -1.202
        2069       -1.366
        2078        -1.54
        2088        -1.72
        2098       -1.904
        2108       -2.094
        2118       -2.285
        2127       -2.479
        2137       -2.674
        2147       -2.871
        2157       -3.067
        2167       -3.264
        2176       -3.459
        2186       -3.657
        2196       -3.853
        2206       -4.048
        2216       -4.245
        2225       -4.442
        2235       -4.639
        2245       -4.834
        2255        -5.03
        2265       -5.227
        2275       -5.424
        2284       -5.619
        2294       -5.815
        2304       -6.012
        2314       -6.207
        2324       -6.403
        2333       -6.598
        2343       -6.794
        2353        -6.99
        2363       -7.186
        2373       -7.382
        2382       -7.578
        2392       -7.774
        2402       -7.972
        2412       -8.169
        2422       -8.364
        2431       -8.561
        2441       -8.758
        2451       -8.954
        2461       -9.148
        2471       -9.344
        2480       -9.539
        2490       -9.736
        2500       -9.932
        2510       -10.13
        2520       -10.32
        2529       -10.52
        2539       -10.71
        2549       -10.91
        2559       -11.11
        2569        -11.3
        2578        -11.5
        2588        -11.7
        2598       -11.89
        2608       -12.09
        2618       -12.29
        2627       -12.48
        2637       -12.68
        2647       -12.87
        2657       -13.07
        2667       -13.26
        2676       -13.46
        2686       -13.66
        2696       -13.85
        2706       -14.05
        2716       -14.25
        2725       -14.44
        2735       -14.64
        2745       -14.84
        2755       -15.03
        2765       -15.23
        2775       -15.42
        2784       -15.62
        2794       -15.82
        2804       -16.01
        2814        -16.2
        2824        -16.4
        2833       -16.59
        2843       -16.79
        2853       -16.99
        2863       -17.18
        2873       -17.38
        2882       -17.58
        2892       -17.78
        2902       -17.97
        2912       -18.17
        2922       -18.37
        2931       -18.56
        2941       -18.76
        2951       -18.95
        2961       -19.15
        2971       -19.34
        2980       -19.54
        2990       -19.73
        3000       -19.93
        3010       -20.13
        3020       -20.32
        3029       -20.52
        3039       -20.72
        3049       -20.91
        3059       -21.11
        3069       -21.31
        3078       -21.51
        3088        -21.7
        3098        -21.9
        3108       -22.09
        3118       -22.29
        3127       -22.48
        3137       -22.68
        3147       -22.87
        3157       -23.06
        3167       -23.26
        3176       -23.46
        3186       -23.66
        3196       -23.85
        3206       -24.05
        3216       -24.25
        3225       -24.45
        3235       -24.64
        3245       -24.84
        3255       -25.04
        3265       -25.23
        3275       -25.43
        3284       -25.61
        3294       -25.81
        3304       -26.01
        3314        -26.2
        3324        -26.4
        3333       -26.59
        3343       -26.79
        3353       -26.99
        3363       -27.19
        3373       -27.38
        3382       -27.59
        3392       -27.79
        3402       -27.98
        3412       -28.18
        3422       -28.37
        3431       -28.56
        3441       -28.76
        3451       -28.95
        3461       -29.14
        3471       -29.34
        3480       -29.53
        3490       -29.72
        3500       -29.93
        3510       -30.13
        3520       -30.33
        3529       -30.52
        3539       -30.72
        3549       -30.92
        3559       -31.12
        3569       -31.31
        3578       -31.51
        3588        -31.7
        3598       -31.89
        3608       -32.09
        3618       -32.27
        3627       -32.47
        3637       -32.67
        3647       -32.87
        3657       -33.05
        3667       -33.25
        3676       -33.46
        3686       -33.67
        3696       -33.86
        3706       -34.06
        3716       -34.27
        3725       -34.45
        3735       -34.65
        3745       -34.85
        3755       -35.03
        3765       -35.22
        3775       -35.42
        3784       -35.61
        3794        -35.8
        3804          -36
        3814        -36.2
        3824       -36.39
        3833       -36.59
        3843        -36.8
        3853          -37
        3863       -37.21
        3873       -37.41
        3882       -37.59
        3892        -37.8
        3902       -37.98
        3912       -38.17
        3922       -38.34
        3931       -38.51
        3941       -38.68
        3951       -38.84
        3961       -38.98
        3971       -39.12
        3980       -39.26
        3990        -39.4
        4000       -39.52
        4010       -39.63
        4020       -39.71
        4029        -39.8
        4039       -39.86
        4049        -39.9
        4059       -39.94
        4069       -39.95
        4078       -39.97
        4088       -39.98
        4098       -39.98
        4108       -39.97
        4118       -39.97
        4127       -39.97
        4137       -39.98
        4147       -39.99
        4157          -40
        4167       -40.01
        4176       -40.01
        4186       -40.03
        4196       -40.03
        4206       -40.02
        4216       -40.02
        4225       -40.02
        4235          -40
        4245       -39.99
        4255       -39.98
        4265       -39.97
        4275       -39.97
        4284       -39.98
        4294       -39.98
        4304       -39.98
        4314       -39.99
        4324       -40.01
        4333       -40.01
        4343       -40.03
        4353       -40.03
        4363       -40.02
        4373       -40.03
        4382       -40.02
        4392       -40.01
        4402       -39.99
        4412       -39.99
        4422       -39.97
        4431       -39.97
        4441       -39.98
        4451       -39.97
        4461       -39.98
        4471       -39.99
        4480       -39.99
        4490       -40.02
        4500       -40.01
        4510       -40.03
        4520       -40.02
        4529       -40.02
        4539       -40.01
        4549       -40.01
        4559       -40.01
        4569       -39.98
        4578       -39.98
        4588       -39.97
        4598       -39.98
        4608       -39.97
        4618       -39.99
        4627          -40
        4637       -40.01
        4647          -40
        4657       -40.02
        4667       -40.03
        4676       -40.02
        4686       -40.02
        4696       -40.01
        4706       -40.02
        4716          -40
        4725       -39.99
        4735       -39.98
        4745       -39.99
        4755       -39.98
        4765       -39.98
        4775       -39.97
        4784       -39.98
        4794          -40
        4804          -40
        4814       -40.02
        4824       -40.01
        4833       -40.03
        4843       -40.02
        4853       -40.01
        4863       -40.02
        4873       -40.01
        4882       -39.99
        4892       -39.98
        4902       -39.98
        4912       -39.98
        4922       -39.98
        4931       -39.97
        4941       -39.98
        4951          -40
        4961       -39.99
        4971       -40.01
        4980       -40.01
        4990       -40.03
        5000       -40.03
        5010       -40.02
        5020       -40.02
        5029          -40
        5039          -40
        5049       -39.99
        5059       -39.98
        5069       -39.97
        5078       -39.98
        5088       -39.99
        5098       -39.99
        5108          -40
        5118       -40.01
        5127          -40
        5137       -40.01
        5147       -40.01
        5157       -40.03
        5167       -40.02
        5176       -40.02
        5186       -40.02
        5196       -40.01
        5206          -40
        5216       -39.98
        5225       -39.97
        5235       -39.98
        5245       -39.97
        5255       -39.98
        5265       -39.99
        5275       -39.99
        5284       -40.01
        5294       -40.01
        5304       -40.01
        5314       -40.03
        5324       -40.03
        5333       -40.02
        5343       -40.02
        5353       -40.01
        5363       -39.99
        5373       -39.99
        5382       -39.97
        5392       -39.97
        5402       -39.97
        5412       -39.97
        5422       -39.98
        5431          -40
        5441       -39.99
        5451          -40
        5461       -40.01
        5471       -40.02
        5480       -40.02
        5490       -40.02
        5500       -40.01
        5510          -40
        5520       -39.99
        5529       -39.99
        5539       -39.98
        5549       -39.98
        5559       -39.97
        5569       -39.97
        5578       -39.97
        5588       -39.98
        5598          -40
        5608       -40.02
        5618       -40.02
        5627       -40.03
        5637       -40.02
        5647       -40.02
        5657       -40.02
        5667       -40.01
        5676          -40
        5686       -39.99
        5696       -39.98
        5706       -39.97
        5716       -39.98
        5725       -39.97
        5735       -39.97
        5745       -39.98
        5755          -40
        5765          -40
        5775       -40.01
        5784       -40.02
        5794       -40.03
        5804       -40.03
        5814       -40.02
        5824       -40.01
        5833       -40.01
        5843          -40
        5853          -40
        5863       -39.99
        5873       -39.98
        5882       -39.98
        5892       -39.98
        5902       -39.96
        5912       -39.96
        5922       -39.96
        5931       -39.95
        5941       -39.94
        5951        -39.9
        5961       -39.86
        5971       -39.79
        5980       -39.72
        5990       -39.62
        6000       -39.53
        6010        -39.4
        6020       -39.28
        6029       -39.14
        6039       -38.98
        6049       -38.83
        6059       -38.67
        6069        -38.5
        6078       -38.33
        6088       -38.15
        6098       -37.97
        6108        -37.8
        6118       -37.61
        6127       -37.41
        6137        -37.2
        6147       -37.01
        6157        -36.8
        6167       -36.59
        6176       -36.39
        6186       -36.19
        6196       -35.99
        6206       -35.79
        6216       -35.61
        6225       -35.41
        6235       -35.22
        6245       -35.03
        6255       -34.85
        6265       -34.65
        6275       -34.46
        6284       -34.26
        6294       -34.06
        6304       -33.87
        6314       -33.66
        6324       -33.46
        6333       -33.26
        6343       -33.06
        6353       -32.86
        6363       -32.66
        6373       -32.47
        6382       -32.27
        6392       -32.08
        6402        -31.9
        6412        -31.7
        6422       -31.51
        6431       -31.32
        6441       -31.12
        6451       -30.92
        6461       -30.73
        6471       -30.52
        6480       -30.33
        6490       -30.13
        6500       -29.93
        6510       -29.72
        6520       -29.53
        6529       -29.33
        6539       -29.14
        6549       -28.94
        6559       -28.76
        6569       -28.56
        6578       -28.37
        6588       -28.17
        6598       -27.98
        6608       -27.78
        6618       -27.58
        6627       -27.39
        6637       -27.19
        6647       -26.99
        6657       -26.79
        6667        -26.6
        6676       -26.39
        6686        -26.2
        6696          -26
        6706       -25.81
        6716       -25.62
        6725       -25.43
        6735       -25.23
        6745       -25.04
        6755       -24.84
        6765       -24.65
        6775       -24.45
        6784       -24.25
        6794       -24.05
        6804       -23.86
        6814       -23.66
        6824       -23.46
        6833       -23.26
        6843       -23.07
        6853       -22.87
        6863       -22.67
        6873       -22.48
        6882       -22.29
        6892       -22.09
        6902        -21.9
        6912        -21.7
        6922       -21.51
        6931       -21.31
        6941       -21.11
        6951       -20.91
        6961       -20.72
        6971       -20.52
        6980       -20.32
        6990       -20.12
        7000       -19.93
        7010       -19.73
        7020       -19.54
        7029       -19.34
        7039       -19.15
        7049       -18.95
        7059       -18.76
        7069       -18.56
        7078       -18.37
        7088       -18.17
        7098       -17.97
        7108       -17.78
        7118       -17.58
        7127       -17.38
        7137       -17.19
        7147       -16.99
        7157       -16.79
        7167        -16.6
        7176        -16.4
        7186       -16.21
        7196       -16.01
        7206       -15.82
        7216       -15.62
        7225       -15.42
        7235       -15.23
        7245       -15.03
        7255       -14.84
        7265       -14.64
        7275       -14.44
        7284       -14.24
        7294       -14.05
        7304       -13.85
        7314       -13.65
        7324       -13.46
        7333       -13.26
        7343       -13.07
        7353       -12.87
        7363       -12.68
        7373       -12.48
        7382       -12.29
        7392       -12.09
        7402        -11.9
        7412        -11.7
        7422        -11.5
        7431       -11.31
        7441       -11.11
        7451       -10.91
        7461       -10.71
        7471       -10.52
        7480       -10.32
        7490       -10.13
        7500       -9.931
        7510       -9.736
        7520       -9.539
        7529       -9.344
        7539        -9.15
        7549       -8.954
        7559       -8.757
        7569       -8.562
        7578       -8.364
        7588       -8.167
        7598        -7.97
        7608       -7.775
        7618       -7.579
        7627       -7.383
        7637       -7.185
        7647        -6.99
        7657       -6.793
        7667       -6.598
        7676       -6.403
        7686       -6.206
        7696       -6.011
        7706       -5.814
        7716       -5.621
        7725       -5.423
        7735       -5.228
        7745       -5.032
        7755       -4.834
        7765       -4.639
        7775       -4.443
        7784       -4.246
        7794       -4.048
        7804       -3.852
        7814       -3.656
        7824       -3.461
        7833       -3.264
        7843       -3.067
        7853       -2.872
        7863       -2.674
        7873        -2.48
        7882       -2.286
        7892       -2.094
        7902       -1.904
        7912       -1.721
        7922        -1.54
        7931       -1.367
        7941       -1.201
        7951       -1.044
        7961      -0.8982
        7971      -0.7622
        7980      -0.6369
        7990       -0.525
        8000       -0.426
        8010      -0.3376
        8020      -0.2636
        8029      -0.1999
        8039      -0.1474
        8049      -0.1065
        8059      -0.0731
        8069      -0.0468
        8078      -0.0291
        8088     -0.01555
        8098    -0.006595
        8108    -0.001942
        8118     0.001144
        8127     0.001359
        8137     0.003033
        8147     0.002686
        8157     0.001171
        8167     0.001948
        8176    0.0002537
        8186   -0.0002262
        8196    0.0009119
        8206     0.000895
        8216     0.000849
        8225    0.0005221
        8235    0.0001505
        8245    0.0004931
        8255   -0.0001895
        8265   -0.0008653
        8275    0.0001443
        8284   -0.0007529
        8294   -0.0002603
        8304   -0.0003284
        8314    0.0003306
        8324   -0.0001262
        8333    4.266e-05
        8343   -0.0001286
        8353    0.0002556
        8363    0.0009653
        8373    0.0009344
        8382    9.043e-05
        8392    0.0003513
        8402   -0.0003139
        8412     0.000174
        8422   -0.0006067
        8431   -0.0007529
        8441   -7.227e-05
        8451    -6.63e-05
        8461   -0.0002911
        8471   -0.0002719
        8480   -0.0001379
        8490    8.624e-06
        8500    0.0004305
        8510     0.000591
        8520    0.0007014
        8529    0.0006163
        8539    0.0006921
        8549    3.831e-05
        8559    0.0003719
        8569   -0.0001875
        8578   -0.0003336
        8588   -0.0002836
        8598   -0.0006533
        8608   -0.0006606
        8618   -0.0004929
        8627   -0.0003271
        8637    5.283e-05
        8647   -0.0002902
        8657     0.000328
        8667     0.000247
        8676    0.0005636
        8686     0.000223
        8696    0.0001137
        8706    0.0005086
        8716   -0.0001312
        8725   -0.0002445
        8735   -0.0003258
        8745   -0.0004232
        8755   -6.945e-06
        8765   -3.238e-05
        8775   -0.0001431
        8784   -8.785e-05
        8794    -0.000115
        8804    7.378e-05
        8814   -0.0001632
        8824    0.0003688
        8833   -2.608e-05
        8843    0.0003522
        8853    0.0003826
        8863   -1.964e-05
        8873    0.0002751
        8882    0.0002127
        8892   -1.163e-06
        8902   -0.0001974
        8912   -0.0002109
        8922   -0.0002773
        8931   -0.0002546
        8941   -0.0003782
        8951   -0.0002187
        8961    0.0001401
        8971   -0.0002005
        8980   -8.776e-05
        8990    0.0002663
        9000    0.0003932
        9010      0.00021
        9020     0.000336
        9029   -5.351e-05
        9039    9.869e-05
        9049    0.0001403
        9059   -0.0002665
        9069   -2.817e-05
        9078   -0.0002262
        9088   -0.0002784
        9098    2.812e-05
        9108   -0.0002102
        9118    5.734e-05
        9127   -0.0001028
        9137    -0.000133
        9147   -8.351e-05
        9157    0.0002221
        9167    0.0002049
        9176     3.83e-07
        9186   -1.048e-05
        9196     0.000261
        9206   -0.0001561
        9216    5.568e-05
        9225   -8.763e-05
        9235    2.905e-05
        9245    4.362e-05
        9255    -6.77e-05
        9265    3.463e-05
        9275   -0.0002443
        9284   -0.0001235
        9294   -0.0001377
        9304    0.0001728
        9314    4.357e-05
        9324     0.000217
        9333    0.0002755
        9343    0.0002625
        9353   -8.083e-05
        9363    -0.000126
        9373   -0.0001484
        9382    7.952e-05
        9392   -5.339e-05
        9402    6.131e-05
        9412    -0.000215
        9422   -3.823e-05
        9431   -0.0002028
        9441   -9.074e-05
        9451    -6.08e-05
        9461    7.357e-05
        9471    0.0001689
        9480   -6.994e-05
        9490   -6.952e-05
        9500    0.0001254
        9510   -8.402e-05
        9520    2.825e-05
        9529    -0.000144
        9539    0.0001027
        9549   -0.0001303
        9559   -0.0002155
        9569   -8.499e-05
        9578   -0.0002424
        9588   -0.0001623
        9598   -0.0002134
        9608    0.0001131
        9618   -0.0001045
        9627    5.869e-05
        9637    7.093e-05
        9647    -9.54e-05
        9657   -4.735e-05
        9667     5.69e-05
        9676    0.0001623
        9686    0.0001746
        9696     3.58e-05
        9706    0.0001422
        9716   -0.0001785
        9725   -9.855e-05
        9735    1.202e-06
        9745    3.706e-05
        9755     2.71e-05
        9765   -4.154e-06
        9775    5.364e-05
        9784    0.0001472
        9794   -0.0001352
        9804   -0.0001195
        9814    0.0001323
        9824   -3.651e-05
        9833   -9.844e-05
        9843    0.0001036
        9853    0.0001524
        9863   -0.0001239
        9873   -1.851e-05
        9882    8.238e-06
        9892    -6.54e-05
        9902   -0.0001382
        9912    8.097e-05
        9922    9.531e-05
        9931   -0.0001742
        9941    8.377e-05
        9951    9.912e-05
        9961   -5.127e-05
        9971    4.502e-05
        9980   -9.941e-05
        9990       -3.767
       1e+04       -5.979
