; spec1.txt
           0    4.867e-05
          80   -4.898e-05
         160    4.839e-05
         240   -4.996e-05
         320    4.938e-05
         400   -5.148e-05
         480     5.14e-05
         560   -5.387e-05
         640    5.505e-05
         720   -5.779e-05
         800    5.945e-05
         880    -6.34e-05
         960    6.576e-05
        1040   -7.151e-05
        1120    7.472e-05
        1200   -8.277e-05
        1280    8.872e-05
        1360   -9.849e-05
        1440    0.0001072
        1520    -0.000117
        1600    0.0001162
        1680   -8.254e-05
        1760   -0.0001338
        1840     0.001556
        1920     -0.02649
        2000      -0.4251
        2080       -1.568
        2160        -3.13
        2240       -4.733
        2320       -6.332
        2400       -7.932
        2480       -9.532
        2560       -11.13
        2640       -12.73
        2720       -14.33
        2800       -15.93
        2880       -17.53
        2960       -19.13
        3040       -20.73
        3120       -22.33
        3200       -23.93
        3280       -25.53
        3360       -27.13
        3440       -28.73
        3520       -30.33
        3600       -31.93
        3680       -33.53
        3760       -35.13
        3840       -36.73
        3920       -38.31
        4000       -39.52
        4080       -39.97
        4160          -40
        4240          -40
        4320          -40
        4400          -40
        4480          -40
        4560          -40
        4640          -40
        4720          -40
        4800          -40
        4880          -40
        4960          -40
        5040          -40
        5120          -40
        5200          -40
        5280          -40
        5360          -40
        5440          -40
        5520          -40
        5600          -40
        5680          -40
        5760          -40
        5840          -40
        5920       -39.97
        6000       -39.52
        6080       -38.31
        6160       -36.73
        6240       -35.13
        6320       -33.53
        6400       -31.93
        6480       -30.33
        6560       -28.73
        6640       -27.13
        6720       -25.53
        6800       -23.93
        6880       -22.33
        6960       -20.73
        7040       -19.13
        7120       -17.53
        7200       -15.93
        7280       -14.33
        7360       -12.73
        7440       -11.13
        7520       -9.532
        7600       -7.932
        7680       -6.332
        7760       -4.733
        7840        -3.13
        7920       -1.568
        8000      -0.4251
        8080     -0.02649
        8160     0.001556
        8240   -0.0001338
        8320   -8.254e-05
        8400    0.0001162
        8480    -0.000117
        8560    0.0001072
        8640   -9.849e-05
        8720    8.872e-05
        8800   -8.277e-05
        8880    7.472e-05
        8960   -7.151e-05
        9040    6.576e-05
        9120    -6.34e-05
        9200    5.945e-05
        9280   -5.779e-05
        9360    5.505e-05
        9440   -5.387e-05
        9520     5.14e-05
        9600   -5.148e-05
        9680    4.938e-05
        9760   -4.996e-05
        9840    4.839e-05
        9920   -4.898e-05
       1e+04    4.867e-05
