; spec2.txt
           0       -153.3
       9.804       -6.021
       19.61    -2.89e-07
       29.41    5.281e-07
       39.22   -6.253e-08
       49.02    -4.32e-08
       58.82    5.993e-08
       68.63   -2.891e-07
       78.43    -3.17e-07
       88.24   -3.479e-07
       98.04   -2.793e-08
       107.8   -1.812e-07
       117.6    3.418e-07
       127.5   -2.183e-07
       137.3    3.092e-07
       147.1    4.173e-07
       156.9   -4.647e-07
       166.7    5.589e-08
       176.5   -5.032e-07
       186.3   -1.671e-07
       196.1   -4.381e-07
       205.9   -1.164e-07
       215.7   -1.309e-07
       225.5   -4.176e-07
       235.3   -8.937e-09
       245.1    1.155e-07
       254.9    5.691e-08
       264.7    -5.06e-08
       274.5    -2.14e-08
       284.3    -1.84e-08
       294.1    1.065e-07
       303.9    1.696e-07
       313.7   -4.893e-07
       323.5     1.11e-06
       333.3   -4.412e-07
       343.1    2.851e-09
       352.9   -9.294e-08
       362.7    7.474e-08
       372.5    4.555e-07
       382.4    4.072e-07
       392.2   -1.632e-07
         402   -4.185e-07
       411.8    1.171e-07
       421.6    -7.41e-07
       431.4   -6.016e-07
       441.2   -2.898e-07
         451   -3.018e-07
       460.8    4.917e-07
       470.6    7.587e-08
       480.4    5.616e-07
       490.2   -4.902e-07
         500   -5.509e-07
       509.8    5.705e-08
       519.6    1.209e-07
       529.4    3.503e-07
       539.2   -2.183e-07
         549     3.61e-08
       558.8   -9.579e-08
       568.6    3.133e-07
       578.4   -6.993e-07
       588.2    1.174e-07
         598    2.136e-07
       607.8   -3.325e-07
       617.6   -4.389e-07
       627.5    4.329e-07
       637.3   -8.663e-08
       647.1    5.891e-07
       656.9    1.081e-07
       666.7    1.925e-07
       676.5   -1.137e-08
       686.3    1.918e-07
       696.1    4.934e-08
       705.9    1.961e-07
       715.7    4.657e-07
       725.5    2.978e-07
       735.3    2.776e-07
       745.1   -1.383e-07
       754.9   -1.454e-07
       764.7    2.991e-10
       774.5    2.524e-07
       784.3   -3.976e-07
       794.1    1.495e-07
       803.9     3.01e-07
       813.7    2.061e-08
       823.5   -1.527e-07
       833.3    1.607e-08
       843.1     1.11e-07
       852.9   -2.472e-07
       862.7   -9.117e-09
       872.5    7.928e-07
       882.4    4.476e-07
       892.2    3.566e-07
         902    1.602e-07
       911.8   -2.288e-08
       921.6    2.488e-07
       931.4   -2.725e-07
       941.2   -2.551e-07
         951    3.057e-08
       960.8   -1.395e-07
       970.6    3.749e-08
       980.4    3.638e-08
       990.2    4.249e-07
        1000    1.441e-07
        1010     2.83e-07
        1020   -1.084e-07
        1029    1.788e-07
        1039   -1.643e-07
        1049   -3.431e-07
        1059    2.944e-07
        1069   -2.458e-07
        1078    1.754e-07
        1088    7.944e-08
        1098   -2.359e-07
        1108   -3.729e-07
        1118   -1.645e-07
        1127   -3.733e-07
        1137   -6.886e-08
        1147   -7.254e-07
        1157   -3.295e-07
        1167   -3.394e-07
        1176   -1.276e-07
        1186   -1.736e-07
        1196    4.055e-07
        1206   -1.017e-07
        1216    -2.67e-07
        1225    1.647e-07
        1235   -1.012e-07
        1245   -5.599e-07
        1255   -1.304e-07
        1265   -4.012e-07
        1275   -2.762e-07
        1284   -3.266e-07
        1294   -2.254e-07
        1304   -1.784e-07
        1314   -3.614e-08
        1324    3.141e-07
        1333    2.665e-07
        1343   -2.891e-07
        1353    4.218e-07
        1363   -1.789e-07
        1373   -3.324e-08
        1382    2.026e-07
        1392    1.029e-07
        1402    4.597e-07
        1412   -5.772e-07
        1422   -1.159e-07
        1431    2.427e-08
        1441   -6.985e-08
        1451   -3.031e-07
        1461    -2.09e-07
        1471   -2.896e-07
        1480    1.422e-07
        1490    2.739e-07
        1500    3.669e-07
        1510   -2.035e-07
        1520    1.373e-07
        1529    -6.23e-08
        1539    1.604e-07
        1549   -1.836e-07
        1559   -1.728e-09
        1569   -3.117e-08
        1578   -4.136e-07
        1588   -5.477e-07
        1598    1.324e-07
        1608   -5.097e-07
        1618   -6.045e-08
        1627   -4.442e-07
        1637    2.091e-08
        1647   -2.355e-07
        1657   -3.815e-07
        1667   -1.811e-09
        1676   -6.919e-08
        1686    -1.87e-07
        1696   -3.088e-07
        1706   -2.558e-07
        1716    3.436e-07
        1725    6.058e-08
        1735    1.552e-07
        1745   -1.662e-07
        1755    3.772e-07
        1765    5.602e-09
        1775    -5.77e-09
        1784   -2.133e-07
        1794    -1.15e-07
        1804   -7.886e-10
        1814   -5.447e-08
        1824    1.544e-07
        1833    1.029e-08
        1843    2.134e-08
        1853    3.581e-07
        1863   -1.206e-07
        1873   -1.271e-07
        1882     6.63e-07
        1892    1.352e-07
        1902   -7.728e-07
        1912    1.266e-07
        1922    1.554e-07
        1931   -4.332e-07
        1941    1.958e-07
        1951    -4.25e-07
        1961   -1.615e-08
        1971   -3.899e-07
        1980    6.902e-08
        1990    3.102e-07
        2000   -5.504e-07
        2010   -4.194e-07
        2020    1.063e-08
        2029   -2.088e-08
        2039   -6.859e-08
        2049    5.282e-07
        2059     2.39e-07
        2069   -3.061e-07
        2078     1.37e-07
        2088     5.33e-07
        2098    2.323e-07
        2108    3.268e-07
        2118   -2.053e-07
        2127   -8.624e-08
        2137   -3.185e-07
        2147   -2.892e-07
        2157    1.196e-07
        2167    2.816e-07
        2176    6.422e-08
        2186   -9.366e-08
        2196   -4.925e-07
        2206     1.72e-07
        2216    5.925e-07
        2225   -2.422e-07
        2235   -3.436e-07
        2245   -1.944e-07
        2255    2.238e-07
        2265   -1.288e-07
        2275   -4.997e-07
        2284     8.61e-08
        2294    1.987e-07
        2304   -2.032e-07
        2314   -6.119e-08
        2324   -4.209e-07
        2333    1.038e-07
        2343   -2.068e-07
        2353   -2.296e-07
        2363    3.011e-07
        2373    2.694e-07
        2382   -2.854e-07
        2392    3.218e-07
        2402    -4.16e-07
        2412   -9.284e-09
        2422    2.066e-07
        2431   -1.852e-07
        2441   -4.617e-07
        2451    4.514e-07
        2461   -3.352e-07
        2471    1.824e-07
        2480   -3.543e-07
        2490   -3.162e-07
        2500    8.772e-08
        2510    5.369e-08
        2520    5.056e-08
        2529   -7.705e-08
        2539   -1.715e-07
        2549   -2.912e-07
        2559    3.155e-08
        2569   -5.054e-07
        2578    2.381e-07
        2588    4.037e-07
        2598   -6.492e-08
        2608    2.042e-07
        2618   -2.513e-08
        2627   -1.626e-07
        2637   -3.352e-07
        2647    4.689e-08
        2657   -4.186e-07
        2667   -1.795e-07
        2676   -1.308e-07
        2686   -8.068e-08
        2696   -4.602e-07
        2706    1.361e-07
        2716   -3.288e-07
        2725   -1.477e-08
        2735     4.87e-08
        2745     3.76e-07
        2755     2.55e-07
        2765    1.037e-07
        2775    7.645e-07
        2784   -1.819e-07
        2794    5.546e-07
        2804    -5.51e-07
        2814   -3.765e-07
        2824    3.574e-08
        2833   -1.408e-07
        2843   -7.792e-08
        2853    4.185e-07
        2863    2.813e-07
        2873   -6.155e-08
        2882   -1.596e-07
        2892    1.564e-07
        2902    8.775e-08
        2912   -1.906e-07
        2922    7.103e-09
        2931    4.521e-07
        2941   -7.127e-07
        2951    6.881e-07
        2961    1.215e-07
        2971    1.766e-07
        2980   -1.852e-07
        2990   -3.838e-07
        3000    1.896e-08
        3010   -9.112e-08
        3020    1.309e-07
        3029    1.869e-07
        3039    -2.56e-09
        3049   -2.999e-08
        3059   -1.459e-08
        3069    5.664e-07
        3078   -1.929e-07
        3088    8.086e-08
        3098   -1.036e-07
        3108    7.972e-08
        3118    -5.01e-08
        3127    -6.16e-08
        3137   -5.006e-08
        3147   -8.275e-08
        3157   -8.628e-09
        3167    3.537e-08
        3176    5.091e-08
        3186   -2.927e-07
        3196   -1.703e-07
        3206   -9.937e-08
        3216    4.145e-08
        3225    4.098e-07
        3235    1.121e-07
        3245   -1.612e-07
        3255   -7.052e-07
        3265    7.041e-08
        3275    -6.57e-08
        3284     5.73e-07
        3294    1.014e-07
        3304    -1.92e-07
        3314   -3.164e-07
        3324   -6.051e-07
        3333     2.84e-07
        3343    -3.36e-07
        3353    4.233e-07
        3363     1.12e-07
        3373    2.322e-07
        3382    1.687e-07
        3392   -4.339e-07
        3402     1.74e-08
        3412   -9.357e-08
        3422     4.23e-07
        3431   -4.811e-08
        3441   -1.667e-07
        3451    7.803e-07
        3461    6.036e-07
        3471   -6.305e-08
        3480   -1.137e-07
        3490    2.845e-07
        3500    2.555e-07
        3510    2.719e-07
        3520   -5.448e-08
        3529   -7.085e-07
        3539   -2.885e-08
        3549    -7.91e-08
        3559   -6.279e-08
        3569    2.331e-07
        3578    8.948e-09
        3588    3.598e-07
        3598     3.45e-07
        3608    3.151e-07
        3618     6.24e-07
        3627    1.501e-07
        3637   -2.314e-07
        3647    3.697e-08
        3657   -6.071e-07
        3667   -2.356e-08
        3676   -5.474e-07
        3686   -2.962e-07
        3696    1.786e-07
        3706    4.052e-07
        3716   -7.349e-08
        3725   -8.512e-08
        3735   -1.489e-08
        3745   -3.131e-07
        3755    4.448e-07
        3765   -2.169e-07
        3775   -3.307e-08
        3784   -2.002e-07
        3794    3.562e-07
        3804     6.15e-08
        3814    6.095e-07
        3824     2.32e-07
        3833    4.199e-07
        3843   -1.845e-07
        3853    2.957e-07
        3863   -5.878e-07
        3873   -1.248e-07
        3882    1.163e-07
        3892   -8.593e-08
        3902     3.33e-07
        3912    -1.53e-07
        3922    1.115e-07
        3931   -3.492e-07
        3941    2.596e-07
        3951   -1.259e-07
        3961   -9.519e-08
        3971     8.52e-08
        3980    3.626e-07
        3990   -2.111e-07
        4000   -1.896e-07
        4010   -1.476e-07
        4020    3.081e-07
        4029    5.281e-07
        4039    3.799e-07
        4049   -2.614e-07
        4059    5.405e-07
        4069   -3.617e-08
        4078    8.306e-08
        4088   -2.846e-07
        4098    1.716e-07
        4108   -6.114e-08
        4118   -9.659e-08
        4127   -7.034e-08
        4137   -7.502e-08
        4147    2.924e-07
        4157    2.207e-07
        4167    2.422e-07
        4176   -3.361e-07
        4186   -2.844e-07
        4196    1.166e-08
        4206    2.012e-07
        4216   -1.846e-07
        4225     4.45e-07
        4235    5.079e-07
        4245    1.412e-07
        4255    -2.04e-07
        4265   -4.515e-07
        4275    3.789e-07
        4284    3.146e-07
        4294    4.763e-08
        4304    7.175e-07
        4314    3.841e-07
        4324    4.684e-07
        4333    1.721e-07
        4343    2.377e-07
        4353   -2.579e-07
        4363    7.268e-07
        4373   -2.761e-07
        4382      5.7e-07
        4392   -5.868e-07
        4402    2.057e-07
        4412    2.743e-07
        4422   -3.377e-07
        4431     -6.7e-07
        4441   -8.634e-08
        4451   -2.768e-09
        4461    1.001e-07
        4471    2.665e-07
        4480    -3.26e-07
        4490    9.404e-08
        4500    -2.12e-07
        4510    3.187e-07
        4520   -2.377e-07
        4529   -3.414e-07
        4539    1.689e-07
        4549    1.612e-07
        4559   -7.216e-08
        4569   -9.129e-08
        4578    6.708e-09
        4588    6.676e-07
        4598   -7.489e-07
        4608   -2.795e-07
        4618   -5.396e-07
        4627    3.781e-07
        4637   -2.888e-07
        4647   -9.464e-08
        4657   -2.405e-07
        4667   -2.702e-07
        4676    1.749e-07
        4686   -1.463e-07
        4696    7.456e-08
        4706     2.38e-07
        4716   -2.559e-09
        4725   -4.249e-07
        4735      7.8e-07
        4745   -6.674e-07
        4755    2.152e-07
        4765   -3.443e-07
        4775   -7.893e-08
        4784   -4.765e-08
        4794   -1.791e-07
        4804   -5.489e-07
        4814    3.443e-07
        4824    6.952e-08
        4833    -1.19e-08
        4843    2.022e-07
        4853   -1.088e-07
        4863     9.17e-08
        4873   -1.944e-07
        4882    1.374e-07
        4892    2.085e-08
        4902    6.447e-07
        4912   -1.532e-07
        4922    2.826e-07
        4931   -2.547e-07
        4941    -7.58e-08
        4951   -7.322e-08
        4961   -5.523e-07
        4971   -1.757e-07
        4980   -3.743e-07
        4990    1.882e-07
        5000    5.099e-08
        5010   -5.085e-07
        5020    5.387e-07
        5029      3.9e-07
        5039    3.247e-09
        5049   -1.806e-07
        5059   -3.003e-07
        5069    3.755e-07
        5078    8.597e-07
        5088    -8.92e-08
        5098   -9.921e-08
        5108    2.411e-07
        5118    3.642e-08
        5127   -3.645e-07
        5137    2.183e-07
        5147   -2.054e-07
        5157   -4.204e-07
        5167    1.455e-08
        5176    5.902e-08
        5186    1.218e-07
        5196    4.662e-07
        5206    6.364e-08
        5216    1.689e-07
        5225    1.111e-06
        5235   -2.145e-07
        5245   -1.738e-07
        5255    -2.32e-07
        5265   -7.836e-07
        5275    1.572e-07
        5284    1.285e-07
        5294    -3.41e-07
        5304    2.036e-07
        5314   -3.423e-07
        5324   -1.648e-07
        5333   -5.587e-08
        5343    1.292e-07
        5353    3.235e-07
        5363    2.297e-07
        5373   -2.796e-07
        5382    7.404e-08
        5392    1.735e-07
        5402   -4.097e-07
        5412    1.031e-07
        5422   -4.277e-07
        5431    2.872e-07
        5441   -3.283e-07
        5451    1.706e-07
        5461    2.331e-07
        5471   -1.776e-07
        5480    7.088e-08
        5490    5.692e-07
        5500    2.794e-07
        5510    1.376e-07
        5520   -1.305e-07
        5529    5.442e-08
        5539    3.827e-07
        5549    8.233e-08
        5559   -6.542e-07
        5569    1.711e-07
        5578     3.56e-07
        5588   -1.484e-07
        5598    -3.29e-07
        5608    3.311e-07
        5618    4.741e-09
        5627   -9.509e-08
        5637    5.024e-07
        5647    5.096e-08
        5657    3.135e-07
        5667    3.297e-07
        5676   -2.347e-07
        5686   -2.981e-08
        5696   -7.456e-08
        5706    4.252e-07
        5716    2.894e-07
        5725    2.733e-07
        5735    6.065e-08
        5745   -2.935e-07
        5755   -2.123e-07
        5765    1.629e-07
        5775   -2.902e-07
        5784   -1.123e-07
        5794    -1.38e-08
        5804    -5.21e-07
        5814   -7.461e-09
        5824   -1.096e-07
        5833    2.104e-07
        5843   -7.427e-08
        5853   -1.271e-07
        5863   -6.094e-07
        5873     2.24e-07
        5882   -1.746e-08
        5892     7.48e-07
        5902     1.31e-07
        5912   -2.762e-07
        5922    2.628e-07
        5931    -1.22e-07
        5941   -1.931e-07
        5951    2.107e-07
        5961   -4.376e-07
        5971     1.09e-07
        5980    2.361e-07
        5990     -2.1e-07
        6000    4.699e-07
        6010    4.458e-07
        6020    2.782e-07
        6029    4.132e-07
        6039     1.02e-07
        6049    4.096e-08
        6059   -4.313e-07
        6069     4.32e-07
        6078    2.333e-07
        6088    -2.04e-07
        6098   -4.001e-08
        6108   -2.873e-08
        6118   -6.737e-08
        6127    5.596e-07
        6137   -3.629e-08
        6147    -1.86e-07
        6157    7.515e-07
        6167    1.286e-07
        6176    1.273e-07
        6186   -3.196e-08
        6196    6.519e-07
        6206   -5.654e-08
        6216    7.255e-08
        6225    5.113e-08
        6235    2.522e-07
        6245   -2.268e-07
        6255    3.945e-07
        6265   -4.232e-07
        6275    3.927e-07
        6284    3.055e-07
        6294   -1.683e-07
        6304   -2.595e-07
        6314   -1.857e-07
        6324   -1.962e-07
        6333   -4.439e-07
        6343   -1.213e-08
        6353   -3.342e-07
        6363    9.765e-08
        6373   -2.743e-07
        6382    3.131e-07
        6392     5.16e-07
        6402   -7.644e-08
        6412   -4.513e-07
        6422    1.324e-07
        6431      2.9e-07
        6441     8.09e-09
        6451    6.563e-08
        6461   -4.237e-07
        6471    4.381e-07
        6480   -3.667e-08
        6490    3.795e-07
        6500   -3.042e-07
        6510    1.512e-08
        6520    4.591e-07
        6529   -3.514e-08
        6539    1.102e-07
        6549    1.163e-07
        6559    1.018e-07
        6569     9.08e-08
        6578    -3.04e-07
        6588    3.708e-07
        6598    2.379e-08
        6608    2.313e-07
        6618    3.103e-08
        6627    8.785e-08
        6637   -4.237e-08
        6647    3.517e-07
        6657   -4.025e-07
        6667    5.946e-08
        6676   -2.899e-07
        6686   -2.525e-07
        6696   -2.167e-07
        6706    3.476e-07
        6716   -3.931e-07
        6725   -4.424e-07
        6735    1.645e-07
        6745    6.378e-07
        6755    6.692e-08
        6765    2.857e-07
        6775    8.044e-07
        6784    2.457e-07
        6794   -3.067e-07
        6804    8.639e-08
        6814   -1.065e-07
        6824   -1.785e-07
        6833    2.713e-08
        6843    6.705e-08
        6853   -3.575e-07
        6863   -3.425e-08
        6873   -3.478e-07
        6882    6.217e-08
        6892   -7.564e-07
        6902    2.836e-07
        6912   -5.335e-07
        6922   -2.011e-07
        6931    5.362e-07
        6941   -7.104e-08
        6951    2.316e-07
        6961    3.963e-08
        6971     5.07e-08
        6980   -2.168e-07
        6990    2.447e-07
        7000   -2.627e-07
        7010   -1.247e-07
        7020   -5.891e-08
        7029   -7.882e-08
        7039    6.161e-08
        7049    5.957e-07
        7059   -4.199e-07
        7069   -5.878e-07
        7078   -3.512e-07
        7088    3.469e-07
        7098   -7.315e-08
        7108   -4.359e-07
        7118   -2.949e-07
        7127    5.752e-07
        7137   -1.494e-07
        7147    1.773e-07
        7157   -3.183e-07
        7167    8.393e-10
        7176    1.904e-07
        7186   -7.469e-08
        7196   -3.516e-08
        7206    4.508e-07
        7216   -1.144e-07
        7225    2.361e-07
        7235    2.205e-07
        7245    2.359e-07
        7255    3.369e-07
        7265    1.411e-07
        7275    1.647e-09
        7284    4.126e-07
        7294   -2.376e-07
        7304    4.996e-07
        7314    3.838e-07
        7324    1.722e-07
        7333   -2.071e-07
        7343    1.782e-07
        7353   -7.185e-08
        7363     3.02e-07
        7373    6.694e-08
        7382     1.24e-08
        7392   -6.732e-07
        7402    3.757e-07
        7412   -6.786e-07
        7422    -7.48e-08
        7431   -7.107e-08
        7441   -8.204e-08
        7451    4.255e-07
        7461   -3.781e-07
        7471   -7.554e-08
        7480   -3.106e-07
        7490    2.211e-07
        7500   -1.226e-07
        7510    3.194e-07
        7520     2.23e-08
        7529   -4.483e-08
        7539    8.772e-10
        7549    7.306e-08
        7559    3.111e-07
        7569    4.057e-07
        7578    3.603e-07
        7588    1.247e-07
        7598    7.468e-07
        7608   -4.262e-07
        7618   -2.771e-07
        7627   -2.781e-07
        7637    1.899e-07
        7647   -2.187e-07
        7657    4.199e-07
        7667   -2.537e-07
        7676    4.731e-07
        7686    5.057e-08
        7696    1.796e-07
        7706    4.835e-07
        7716   -8.339e-09
        7725   -5.617e-07
        7735    3.954e-07
        7745   -5.395e-08
        7755    2.696e-07
        7765   -1.873e-07
        7775    2.011e-07
        7784   -1.637e-07
        7794   -3.177e-07
        7804    -9.08e-08
        7814    1.085e-07
        7824    4.485e-07
        7833    5.212e-07
        7843   -1.303e-07
        7853     1.39e-07
        7863    1.865e-07
        7873    3.298e-07
        7882    4.095e-07
        7892   -1.431e-08
        7902    1.232e-08
        7912   -1.605e-08
        7922     3.33e-07
        7931    2.845e-07
        7941   -1.403e-07
        7951    5.145e-07
        7961   -2.429e-07
        7971    2.256e-07
        7980    6.846e-07
        7990    7.346e-08
        8000    8.326e-08
        8010    1.718e-07
        8020   -2.778e-07
        8029    -2.01e-07
        8039    -3.41e-08
        8049    2.357e-07
        8059   -3.021e-07
        8069     2.17e-08
        8078   -3.673e-07
        8088    1.717e-07
        8098    3.226e-08
        8108   -1.979e-07
        8118     -3.8e-07
        8127    4.093e-08
        8137   -2.638e-07
        8147    5.565e-08
        8157   -2.732e-07
        8167   -2.927e-07
        8176   -5.819e-07
        8186    3.218e-07
        8196   -2.173e-07
        8206   -2.721e-07
        8216    4.898e-07
        8225    1.252e-07
        8235    -3.81e-07
        8245    1.715e-07
        8255    5.517e-07
        8265   -4.014e-09
        8275    1.597e-07
        8284   -7.534e-08
        8294   -6.992e-08
        8304    5.005e-07
        8314    6.185e-08
        8324    2.229e-07
        8333   -1.985e-07
        8343   -9.568e-09
        8353   -4.203e-07
        8363     8.14e-08
        8373    1.314e-07
        8382   -2.331e-08
        8392    3.597e-07
        8402    1.375e-07
        8412   -3.182e-07
        8422    1.068e-07
        8431    9.407e-07
        8441    4.335e-08
        8451    2.334e-07
        8461    5.214e-07
        8471    -2.65e-07
        8480   -1.215e-07
        8490    5.791e-07
        8500   -8.675e-08
        8510    2.324e-07
        8520    5.598e-08
        8529    9.741e-08
        8539   -1.848e-07
        8549   -2.825e-07
        8559   -1.934e-07
        8569    2.054e-07
        8578    2.574e-07
        8588    -3.59e-07
        8598    1.089e-07
        8608    1.119e-07
        8618    3.974e-07
        8627   -1.672e-07
        8637   -2.835e-08
        8647   -1.753e-07
        8657   -4.216e-07
        8667   -3.683e-07
        8676   -2.568e-07
        8686    7.232e-08
        8696     1.81e-07
        8706    7.588e-07
        8716    3.219e-07
        8725   -9.562e-08
        8735   -1.964e-07
        8745    5.172e-07
        8755   -7.947e-08
        8765    2.082e-07
        8775    -9.19e-07
        8784     3.03e-08
        8794   -1.515e-07
        8804    3.208e-07
        8814    1.314e-07
        8824   -1.479e-07
        8833   -9.235e-08
        8843    2.243e-07
        8853   -7.387e-08
        8863   -6.249e-07
        8873    1.822e-07
        8882    1.944e-07
        8892   -3.209e-07
        8902   -2.795e-07
        8912     3.12e-07
        8922    3.556e-08
        8931    2.302e-07
        8941   -4.654e-07
        8951   -6.671e-08
        8961     -1.1e-07
        8971   -3.358e-07
        8980    3.721e-07
        8990   -3.374e-08
        9000    1.199e-07
        9010   -1.869e-07
        9020   -4.599e-08
        9029    6.344e-07
        9039    5.651e-08
        9049    3.958e-07
        9059     5.71e-07
        9069   -4.827e-07
        9078    5.548e-07
        9088   -3.247e-08
        9098    5.645e-07
        9108   -4.632e-07
        9118   -2.221e-07
        9127   -3.272e-07
        9137   -1.294e-07
        9147   -1.844e-07
        9157   -4.666e-07
        9167    2.321e-07
        9176    4.242e-07
        9186   -1.169e-07
        9196   -3.079e-07
        9206   -1.047e-07
        9216   -1.588e-07
        9225   -2.562e-07
        9235    5.341e-07
        9245   -1.745e-07
        9255    2.012e-07
        9265   -4.415e-08
        9275    6.875e-07
        9284   -6.663e-07
        9294    7.677e-08
        9304    6.581e-07
        9314     6.69e-08
        9324    3.793e-07
        9333    2.667e-07
        9343   -6.643e-07
        9353    4.158e-07
        9363    2.831e-07
        9373   -3.762e-07
        9382    1.365e-07
        9392    4.747e-07
        9402    1.355e-07
        9412    4.372e-07
        9422    2.826e-07
        9431   -3.212e-07
        9441   -4.142e-07
        9451     3.14e-07
        9461    -1.82e-07
        9471    2.262e-07
        9480   -1.251e-07
        9490    2.241e-08
        9500   -5.826e-08
        9510    5.574e-07
        9520    7.272e-09
        9529   -2.373e-07
        9539    1.744e-07
        9549     4.78e-08
        9559   -1.684e-07
        9569   -6.765e-07
        9578    2.094e-07
        9588   -2.273e-07
        9598    1.139e-07
        9608   -1.044e-07
        9618   -5.216e-07
        9627    2.197e-07
        9637    4.144e-07
        9647    7.393e-08
        9657    3.524e-07
        9667   -2.611e-07
        9676   -7.476e-08
        9686    4.631e-07
        9696    8.334e-08
        9706    5.051e-08
        9716   -2.176e-07
        9725   -3.739e-07
        9735   -1.969e-07
        9745   -1.601e-07
        9755   -1.309e-07
        9765    1.017e-07
        9775    3.727e-07
        9784   -1.197e-07
        9794      5.6e-07
        9804   -1.944e-07
        9814     4.76e-07
        9824   -3.692e-07
        9833    1.388e-07
        9843   -4.401e-07
        9853   -1.512e-07
        9863   -3.672e-07
        9873    3.085e-07
        9882   -9.256e-09
        9892   -3.293e-07
        9902    3.291e-07
        9912   -3.751e-07
        9922    5.503e-07
        9931   -2.487e-07
        9941   -2.249e-07
        9951   -7.972e-08
        9961    -2.57e-07
        9971    3.104e-07
        9980    6.326e-07
        9990       -3.767
       1e+04       -5.979
