

Real FFT Test (n=32):

real input sequence
       0.66087222       0.15339208       0.81232071       0.18049276
       0.62926036       0.59760439       0.59145021       0.58641392
       0.84049940       0.77346605       0.02249425       0.52706563
       0.56622088       0.53331405       0.70570350       0.52039027
       0.74459076       0.83908856       0.81288499       0.16315544
       0.68746966       0.85308772       0.82930851       0.11609697
       0.61154693       0.00707762       0.85734069       0.00675744
       0.07967235       0.28436163       0.58604258       0.48891550

real components of transform
      16.66835785      -1.73627591       0.55347157       0.07818332
       1.13459659       0.33023858       0.47662517      -0.95220357
      -0.39741278      -0.22040516      -1.44145405       1.46783495
       0.65517563      -0.67032313       0.22502366       1.03320265
       3.40699768

imag components of transform
       0.00000000      -1.03980684      -1.66195107       0.48444486
       1.14769626      -0.38193354       0.30965981       2.43451071
      -1.45210457      -0.52010429       0.20455095       0.51128268
       0.73276776       1.67337751       0.91628748      -1.86708617
       0.00000000

real inverse transform
       0.66087216       0.15339208       0.81232071       0.18049276
       0.62926036       0.59760439       0.59145021       0.58641386
       0.84049934       0.77346605       0.02249429       0.52706558
       0.56622088       0.53331411       0.70570356       0.52039015
       0.74459070       0.83908856       0.81288505       0.16315544
       0.68746966       0.85308778       0.82930851       0.11609702
       0.61154693       0.00707763       0.85734069       0.00675744
       0.07967231       0.28436172       0.58604258       0.48891544


Complex FFT Test (n=16):

real input sequence
       0.66087216       0.81232071       0.62926036       0.59145021
       0.84049934       0.02249429       0.56622088       0.70570356
       0.74459070       0.81288505       0.68746966       0.82930851
       0.61154693       0.85734069       0.07967231       0.58604258

imag input sequence
       0.15339208       0.18049276       0.59760439       0.58641386
       0.77346605       0.52706558       0.53331411       0.52039015
       0.83908856       0.16315544       0.85308778       0.11609702
       0.00707763       0.00675744       0.28436172       0.48891544

real components of transform
      10.03767776      -2.04720473       0.10764182       0.80893600
       1.72923124       0.46202964       0.50201243      -0.75843179
      -0.39741325      -0.41417700      -1.46684134       1.33604395
       0.06054056      -1.40107584       0.67085344       1.34413135

imag components of transform
       6.63068008      -1.48821807       1.58351886       0.30623567
      -0.70280790       0.07682571       0.07691979      -2.48750186
       1.45210457       0.46711320       0.18202865      -0.81639040
      -0.28787947      -0.88269711      -0.99471951      -0.66093898

real inverse transform
       0.66087216       0.81232071       0.62926036       0.59145021
       0.84049934       0.02249426       0.56622088       0.70570356
       0.74459070       0.81288505       0.68746966       0.82930851
       0.61154693       0.85734069       0.07967229       0.58604258
       3.40699768

imag inverse transform
       0.15339208       0.18049274       0.59760439       0.58641386
       0.77346605       0.52706563       0.53331411       0.52039015
       0.83908856       0.16315545       0.85308778       0.11609702
       0.00707763       0.00675741       0.28436172       0.48891544
       0.00000000
